Mixture	B.cells.naive	B.cells.memory	Plasma.cells	T.cells.CD8	T.cells.CD4.naive	T.cells.CD4.memory.resting	T.cells.CD4.memory.activated	T.cells.follicular.helper	T.cells.regulatory..Tregs.	T.cells.gamma.delta	NK.cells.resting	NK.cells.activated	Monocytes	Macrophages.M0	Macrophages.M1	Macrophages.M2	Dendritic.cells.resting	Dendritic.cells.activated	Mast.cells.resting	Mast.cells.activated	Eosinophils	Neutrophils	P-value	Correlation	RMSE
TCGA_AO_A128	0.00326456907932956	0	0	0.269511182172426	0	0	0.12338985880269	0.0507749474286791	0.0157164861485834	0.0136860788896488	0	0.0546238426102916	0	0.056643925215659	0.196352822126413	0.162728286202071	0	0	0.049553539632983	0	0	0.0037544616912259	9999	0.583636687003363	0.81329494749094
TCGA_A8_A09X	0.0156960525105533	0	0.0681327897812712	0.0835872356649903	0	0.204304928575661	0.00946702068407075	0	0.0222025752911982	0.064583740391537	0	0.0436069179757011	0.00379922377087416	0.0340291272448866	0.120313559599547	0.167139350287609	0.0305273260596495	0	0.132610152162451	0	0	0	9999	0.443224020394392	0.895604414557014
TCGA_AN_A04D	0.00934267033342097	0	0.0347389068680926	0.107262462554713	0	0.107214661083152	0	0.0988656245922204	0	0	0	0	0.012041921987609	0.138883382189973	0.0533410022773624	0.216079755641287	0.00590477764435553	0.0206987642252093	0.156371132193299	0	0.0380527132474662	0.00120222516184002	9999	0.0256834979879635	1.07249678512589
TCGA_BH_A0BL	0.0861876735382655	0	0	0	0	0.214671630000228	0.0433510547529126	0.0755048537378998	0.0117181932126254	0.0442675075991113	0	0.00471077100363654	0	0.115682922676316	0.190920764006449	0.0719188548584428	0.0887100093376838	0	0.0523557652764298	0	0	0	9999	0.514320770421709	0.857763691635168
TCGA_EW_A6SB	0	0.0203952149133438	0.304984374187835	0.06250728358841	0	0.0725598415452672	0.0448665141729872	0.0821568947976089	0.0801271175258193	0.030191513581158	0	0.0263983407571051	0	0.121105534507965	0.0627997434187771	0.0300298468868431	0.0580893979546184	0	0.00378838216226202	0	0	0	9999	0.475302623874677	0.886172820396197
TCGA_C8_A12V	0.00144177602549113	0.0146486563057924	0.0778033000966401	0.191938666431163	0	0.035829363482009	0.0305509604610706	0.0558092656038152	0.0458787317062352	0	0	0.0598763245508946	0	0.0921908699846195	0.197006519039009	0.105464144891293	0.0642043966861041	0	0.0273570247358623	0	0	0	9999	0.666119930544052	0.764666345709693
TCGA_AC_A2QJ	0	0.0199961702377792	0.00335106418296884	0.0138969347106851	0	0.0288932908148055	0.00497526207879352	0.0322311426491739	0.0250717036272681	0.0131715684912913	0.0143644877678929	0	0.00601720218229841	0.370965077513043	0.0232816848030777	0.392571737192583	0.00798101237178854	0	0.043231661376551	0	0	0	9999	0.692541331373976	0.725404918681506
TCGA_A1_A0SK	0.00139098856873828	0.0065802045550958	0.0224262350533978	0.0763943192163463	0	0.207584080564587	0	0.0670750303142699	0.0396984634241324	0	0.0631929039449281	0	0	0.396495343781414	0.022465066597874	0	0.0034064640850835	0	0.0262696563346651	0	0.0670212435594679	0	9999	0.0539049695671005	1.09918579180595
TCGA_BH_A0BG	0.0635218968044855	0	0.0210481581699031	0.171378386576284	0	0.0659979303253946	0.0175312757856556	0.0774739242170105	0.0613056042859596	0.00666919034442635	0	0.0317866874100098	0	0.0919024141790285	0.257113662312033	0.0735057819726684	0	0.0247450186274032	0.0360200689897369	0	0	0	9999	0.453902300481415	0.898355092173772
TCGA_EW_A1OW	0.0682204439167464	0	0.107610198338806	0.0184491132748728	0	0.0881661598778664	0.00647228311237096	0.0511099789111626	0.0284688690568	0	0.00507046416343777	0.0106239507960523	0	0.378974170135459	0.0875101636212952	0.0800581367230961	0.0423887174361991	0	0.0268773506358354	0	0	0	9999	0.276621989171762	0.984944847228479
TCGA_EW_A3U0	0.0429163124048525	0	0.0662535248621521	0.165282467496189	0	0.0748932939795849	0.0363292085463617	0.0411357678197346	0.0774986203056385	0	0	0.0312049076046493	0.00806464755177476	0.171169015083572	0.10471254447902	0.100924159425768	0.046168240683133	0	0.0334472897575703	0	0	0	9999	0.522359228726237	0.857056083257215
TCGA_A7_A6VV	0.00843026363863779	5.83433357497476e-06	0	0	0	0.0493250790943838	0	0.0370720020893633	0.0531777934735412	0	0.00505501415204111	0.00841341443263458	0	0.538516018301782	0.12101571787878	0.145772885166219	0	0	0.0325301987297804	0	0	0.000685778709262258	9999	0.615628320351777	0.788817501522966
TCGA_C8_A26Y	0.062150085937384	0	0	0	0	0.0646768862749436	0.00132727729595459	0.0978586700379295	0.0342911403957066	0.0317168699259304	0.0302560715965396	0	0	0.463559683897193	0.0847294066864907	0.116166371671645	0	0	0	0.0109751307252567	0.00229240555502602	0	9999	0.401956671367281	0.931583819051738
TCGA_C8_A3M7	0.0597985809687631	0	0.263846613796028	0.0784422904498079	0	0.152497968635252	0	0	0.0029399470211107	0	0	0.0655807678569279	0.0152525029760989	0.0259195032125296	0.0893039147732534	0.0451074736271359	0.0068952314004846	0	0.194415205282608	0	0	0	9999	0.238622889964742	0.982475687409372
TCGA_E2_A14R	0	0	0.138378321924208	0.104580759560862	0	0.0251327712221665	0.0127617453954664	0.044751449098275	0.0288075107849425	0.038060555220537	0	0.0122211421470241	0	0.365993068247139	0.139281557255161	0.0616785074155638	0.00419676436166284	0	0.0241558473669914	0	0	0	9999	0.5104488733261	0.859181874500055
TCGA_A7_A26G	0.0419190612973519	0	0.0914065609266041	0.0331666499747809	0	0.266550533223935	0.0108785679335637	0.0338275473694318	0.00146825268436126	0.0274181680378582	0	0	0	0.114717562018443	0.139469257688449	0.116127621274785	0.0546686924587386	0	0.0683815251116971	0	0	0	9999	0.390003006226119	0.920636400730595
TCGA_AR_A1AR	0	0	0	0	0	0.195084637759705	0.0103660821227001	0.0274456907590411	0	0.063729950879267	0	0.00167079875356713	0	0.368518846668896	0.0960746690114527	0.208013694576635	0	0.00101091926892567	0.0280847101998109	0	0	0	9999	0.652174782711545	0.763762511978184
TCGA_A8_A07C	0	0.00919111410065331	0.0473608342718179	0.010243450005473	0	0.270323043531336	0.0277322323372756	0.0243962931021311	0.011744396544459	0.0778365899542305	0	0.0330945514541596	0	0.0688111928197003	0.0846202700417808	0.263318212166803	0.0076015185425543	0.0103715682402842	0.0533547328873411	0	0	0	9999	0.336879530370615	0.945691342540386
TCGA_A2_A3XY	0.0355702187165702	0	0.0293034999437759	0.0158670946194652	0	0.108461934923291	0	0.100907497269807	0.061389643410261	0	0.0153449661410372	0.00407495740047525	0	0.350148001934171	0.14949179822312	0.0753582898538544	0.0128419989395851	0	0.0412400986245867	0	0	0	9999	0.677933255907999	0.751352969830871
TCGA_BH_A0B3	0.0163771291794656	0	0.221873337625018	0.0832862813085764	0	0.0412864414210888	0.0652351136352637	0.044677185651686	0.0601897995660342	0	0	0.00443170642854698	0.0195605121713276	0.112290982017692	0.156940022941324	0.102200131638684	0.0318058824056093	0	0.0398454740096836	0	0	0	9999	0.471340521719592	0.883538038587558
TCGA_BH_A0E0	0.0249924621179869	0	0.00281489730104969	0.0461959653708657	0	0.132468864673261	0	0.0735322926490974	0.111636950447433	0	0	0.0215974522593225	0.00842941714035638	0.0143111251801321	0	0.0862455111339361	0.357061349639825	0.0953379798494521	0.0253757322372822	0	0	0	9999	0.189176115291842	1.01460838522265
TCGA_A2_A0YE	0.0595189161543375	0	0.152737170072994	0.0308398249512822	0	0.152475153522798	0	0.074666168218915	0.027166573754929	0	0	0.0381083397146914	0	0.159068939550036	0.11577811318723	0.11001964942835	0	0.0205992226141412	0.0590219288302967	0	0	0	9999	0.109210673237045	1.03707756624971
TCGA_BH_A18G	0	0	0.0010962898827177	0.147576568410331	0	0.239818524288642	0.0572602221467211	0.00487483098478279	0	0	0	0.0492445861415094	0.116972660868354	0.00703686470378438	0.0861704894538916	0.227886737006242	0	0.00263612321843261	0.0594261028945918	0	0	0	9999	0.0493264581863128	1.07365264032548
TCGA_A1_A0SP	0.0254460598523698	0	0.0528501761147916	0.032723731989334	0	0.0998418365355124	0.0168289727603357	0.0394542056211563	0.0137853460684386	0.00153869274033526	0	0.0249314232437722	0	0.364158326413276	0.0795676577036027	0.100569720064161	0.111315785537392	0.00663362223293769	0.026609728840095	0	0.00374471428248984	0	9999	0.430287736890985	0.90571441904035
TCGA_A2_A0SX	0.026226540984433	0	0.107890828324034	0.0259174158956932	0	0.219179372746989	0.015597410103451	0.0716813732294227	0.024307378759043	0.061275166206578	0	0	0	0.241141473071216	0.107964371751827	0.0872316510146632	0.00576705538423016	0	0.0058199625284205	0	0	0	9999	0.655512819948076	0.781785570774497
TCGA_OL_A6VO	0.00174112166797036	0	0	0.00791066411896563	0	0.0499049874153365	0	0.0703083133564058	0.02345368415046	0.0238895159017784	0	0.0300634990750979	0	0.642845449503075	0.0580684076164019	0.075108258997018	0	0.0039378579247708	0.00900245077638314	0	0.00376578949633657	0	9999	0.131557979611875	1.14369927626744
TCGA_A7_A6VW	0.0308954909205008	0	0.0806942873359318	0.0161161734772058	0	0.119271599521207	0	0.0595909787991088	0.0229763563538885	0	0	0.0275135144181017	0.0501368814537785	0.260658970445037	0.0919272496798132	0.119428207468296	0	0.0939130976644038	0	0	0	0.0268771924627273	9999	0.322127280667996	0.958000891170087
TCGA_AR_A2LR	0.0606079404359106	0	0.0278618605574432	0.0349612370744492	0	0.0879520436183707	0	0.0333699235787594	0	0.0261587425177895	0	0.00131725171976071	0.0138149940438336	0.134843172529374	0.0769032910221317	0.376404111207451	0	0	0.0723452945882128	0	0.0517354032492787	0.00172473385723443	9999	0.184836112809163	1.02098565340435
TCGA_S3_AA15	0.0941915842702239	0.00114024913613133	0.372361320201164	0.0897512352796414	0	0.080311216537399	0.00716309737062968	0.00527945500462152	0.047544354356784	0	0	0.0162988056882499	0.0097749145024395	0.101150135984619	0.0333320586669202	0.0783241836210582	0.00784718545815817	0	0.0555302039219605	0	0	0	9999	0.537355908062406	0.86447428457114
TCGA_AC_A6IW	0	0.0455373055322881	0	0.0244600033689313	0	0.134897213504014	0.00803269731866237	0.11422976747954	0.014516004436047	0.0423601674304611	0	0.0251793756594392	0	0.0282694483999917	0.154398231803759	0.169345176904473	0.229489752168022	0	0.000295698241535783	0	0.00655616971798235	0.00243298803485237	9999	0.531330705520234	0.848976093985866
TCGA_LL_A73Y	0.0493827734078957	0	0.0198448977072263	0.0492102449781724	0	0.11472145905261	0.00484071585498913	0.0381365073163964	0.067043150689674	0	0	0.0384763844164071	0	0.374547376250878	0.0227779193720792	0.0646754412194769	0.0993249739701679	0.0285447074649643	0.0284734482990621	0	0	0	9999	0.648373313008715	0.774938046660582
TCGA_AO_A124	0.146365692405589	0	0.00413098730917979	0.0761625936089787	0	0.0924753856560206	0.015456406711325	0.0430627701138559	0.0600605438099793	0	0.0119768029760345	0.00656107645929659	0.00973167758491918	0.314873265453358	0.0257622512278509	0.0660914048587905	0	0.0809010583722219	0	0.0463880834526004	0	0	9999	0.152251390808529	1.03825506376772
TCGA_E9_A5FL	0.0190125620617646	0	0	0.0425331821078479	0	0.12117188816226	0	0.0326217658454957	0.0591012850284985	0	0	0.00994164717776355	0.0112179146574262	0.15190956925569	0.0255334042407055	0.447719842401174	0.0463029040511868	0.0329340350101863	0	0	0	0	9999	0.261321229769113	0.997605059204916
TCGA_D8_A1XQ	0	0	0.128748228234652	0.0379702703975896	0	0.143688831686025	0.011439172353822	0.0330171180937682	0.000724194421296355	0.0220272324226092	0	0.0142533505066551	0	0.30621438184274	0.114011703453738	0.169300138760001	0	0	0.0118547578953369	0	0	0.00675061993176576	9999	0.515390519786389	0.856668679557026
TCGA_D8_A13Z	0.0258013177555884	0	0	0	0	0.178518180201693	0	0.0597244367329378	0.0124259572513724	0.0227491208331777	0.0206780550775654	0	0	0.329605727088249	0.0913622824924447	0.226926248146451	0.00229697230727948	0.0193978175443123	0	0.00215965224362852	0	0.00835423232530038	9999	0.669086003913243	0.754220781359917
TCGA_D8_A1XK	0.0414720951369554	0	0.0417568527018241	0.0596767227364548	0	0.104071978934383	0.0565808902761118	0.0189917422142453	0	0	0.015390369872471	0.00673538046805244	0	0.433093860136092	0.0715044555065417	0.109760777449178	0	0	0	0.0337572203316229	0	0.00720765423606731	9999	0.195693296946743	1.04186321632513
TCGA_AC_A2BK	0.0705232151933095	0	0.0943654548997144	0.203615312560545	0	0.037214726586062	0.0356859013455818	0.101278497798345	0	0	0	0.0209239463776895	0.00373004627177808	0	0.117792043576546	0.205029885585775	0.0835709118453735	0.0240084443246635	0.00226161363461697	0	0	0	9999	0.0263645821461425	1.07439163945255
TCGA_BH_A0RX	0.0255933609975369	0	0.0532840639506307	0.18192333395785	0	0.0418981658353388	0.0354987173483685	0.0316884837242666	0.0513323965758363	0.00277167240525064	0	0.0508804584849425	0.0109733784055033	0.165843154065634	0.171510696983843	0.0988653934297929	0.0122227506739387	0	0.0657139731612676	0	0	0	9999	0.311538155521333	0.963919543673178
TCGA_E2_A1L7	0.0154711244478024	0	0	0.096238683591418	0	0.242150251563748	0.00904594114386656	0.0462840332018345	0.00992010708473757	0.0715803798421821	0	0.0252118014603549	0	0.145586155618227	0.150965258626015	0.085359917602051	0.0345086953014511	0	0.0676776505163121	0	0	0	9999	0.454693184405587	0.890375726878663
TCGA_D8_A27H	0.0444105437521294	0	0.0375085329523144	0.0574771940987472	0	0.180451692430866	0	0.0295576878519635	0.0526434032840696	0	0	0	0.0039187604644801	0.286552078419825	0.104068112768405	0.15017621847919	0	0	0.0532357754980093	0	0	0	9999	0.170472893512261	1.03117085135254
TCGA_A2_A0T0	0	0	0	0.0416306881673064	0	0.168478974260155	0	0.068018248141541	0.0670033974175094	0.0115932001217174	0.00256593475933987	0	0	0.323999168800166	0.125239233304421	0.152378171507703	0	0	0	0.0390929835201418	0	0	9999	0.35522648560216	0.950345259338802
TCGA_C8_A27B	0.0122326597821361	0	0.0402022808563475	0.115177951069163	0	0.0337444640840348	0.0477421224456345	0.0373258968870753	0.00451114828108977	0.0370681314355773	0	0	0	0.386461223519925	0.148539226711412	0.0932286809346261	0.00476645963458171	0.0158462493749298	0.0200912527295398	0	0	0.00306225225392628	9999	0.525617094288661	0.850367343346018
TCGA_C8_A131	0.0214127972152851	0	0.0475915203842314	0.0745696734266766	0	0.0969440915702958	0.0123782007830047	0.0397060613077456	0.00570584740875797	0	0.00459586355963067	0.0110890019116639	0	0.529499863437847	0.0250296833527782	0.109156962306037	0	0	0.0206807092102725	0	0	0.00163972412577443	9999	0.180464887105985	1.07253491035137
TCGA_LL_A441	0.218396072944243	0.0883352213536214	0	0.0983042956366267	0	0.0889424035778513	0.00770315171106541	0.0540260624093735	0.0934066246605348	0	0	0.0380162572684378	0	0.171225252052103	0.0826765928760899	0.0315205846824756	0.00396042800256865	0	0.023487052825009	0	0	0	9999	0.577926985120931	0.8241096669529
TCGA_BH_A1FC	0.0226652459737207	0	0.232865177473261	0.231646604176525	0	0.0167648940875422	0.1042077165096	0.0419846300174214	0.0561877261165645	0	0	0.0129902868062935	0.0115563952789851	0.0751751525275198	0.0944696001218241	0.0732444338676349	0.0178930829824274	0	0.00834905406067993	0	0	0	9999	0.288574587087775	0.963005911345771
TCGA_AN_A0AT	0.0275682959687398	0	0.0155530457137113	0.0572075262095005	0	0.10710882091044	0.00384417090544112	0.0619165519964219	0.0533230264112122	0	0	0.0169437321897323	0	0.391559043089974	0.120487979153057	0.142456204194387	0	0	0.00203160325738269	0	0	0	9999	0.528162873380405	0.848750659166746
TCGA_AR_A0TS	0.192569894079592	0.0105871087223815	0.0483664310940113	0.11056355391472	0	0.180536374491275	0.0447151340359064	0.0379811237602021	0.0474666818285424	0	0.01243488645383	0	0.00202912066691471	0.0791017694661209	0.104130417502235	0.116941226006394	0	0	0.0125762779778751	0	0	0	9999	0.57674064074893	0.828883797930109
TCGA_EW_A1OV	0.0667652740386497	0	0.0516012938125263	0.226558841209535	0	0.107594689816957	0.0432364242810687	0.0355628237762047	0.0577028568244457	0.0516559778466523	0	0.00844718133887092	0	0.129158638824609	0.085484767327391	0.0918668799817022	0.00329887723527591	0	0.0410654736861115	0	0	0	9999	0.547646635427369	0.841908425505445
TCGA_BH_A1EW	0.0592457764926706	0	0.0359018674749823	0.0788602442742526	0	0.304009667111648	0.0740281119902115	0	0	0.0138766959477627	0.00537400719449038	0	0.033163611339778	0.0130409391447935	0.13387736095651	0.101933151265944	0.0152409903518039	0	0.125714944221454	0	0	0.0057326322336986	9999	0.342233383158128	0.94309314719032
TCGA_D8_A1JL	0.0182767714410432	0	0	0.000706969265424293	0	0.241601821284798	0.0253205387347201	0.0607010240654458	0.0137952273308232	0.0196187865861542	0.0573702173170229	0	0	0.300970000221108	0.119777832293805	0.119534844276582	0	0.00839977453697605	0.00288732039720194	0.0070593161305007	0	0.00397955611839396	9999	0.554472935055884	0.832653679056827
TCGA_E2_A14N	0.0392646765258907	0	0	0.0289403291754544	0	0.408823596180528	0.0553678244775951	0.0344531776050399	0	0	0.031927414132361	0	0.00301709620854535	0.0749038760325464	0.246232812556424	0.0530667974556361	0.00507817312979178	0.0189242265201875	0	0	0	0	9999	0.417177235751768	0.922610445042796
TCGA_AC_A2QH	0	0.00473426771847085	0	0	0	0.367405111654808	0	0.0209255545897932	0.044223094465685	0	0.0390137773314233	0.039091187279886	0	0.437530158704754	0.00142565202921764	0	0.000412677448811306	0	0	0.0409796738228004	0.0042588449543502	0	9999	0.0518131898586466	1.12336358604118
TCGA_D8_A27M	0.0530013004132685	0.0330423949727287	0.0812385732547894	0.0820705732912617	0	0.16797335458905	0.0421167650888875	0.0583340852400271	0.0310901764556886	0	0.00243933014566866	0	0.0327856902150471	0.0459313010727315	0.177545021972104	0.114653911618583	0.022572946973152	0	0.0552045746970127	0	0	0	9999	0.495566103602368	0.869440055748634
TCGA_E2_A150	0.0154233702688053	0	0.00585842926262137	0.0214004689472647	0	0.152202450364234	0.0186607728765474	0.066183052265801	0.0501595502662267	0	0.00640194560695672	0.0064705016313276	0	0.328695967249869	0.146904486078739	0.103418062290912	0.0220060237842796	0	0.0562149191064154	0	0	0	9999	0.349001865303645	0.95121658146966
TCGA_A2_A3XX	0.0643778301753701	0	0.094736639272666	0.0732612398838281	0	0.0126671786668033	0	0.0683462636599947	0.077147952904562	0	0	0.0119336950466189	0	0.380258124933827	0.0752778238665394	0.100426658465982	0	0	0.041566593123809	0	0	0	9999	0.294588596429144	0.97543293027039
TCGA_AR_A1AY	0	0	0	0	0	0.126210462137744	0	0.0173111597151866	0.0304104044566232	0	0	0.0742607564973821	0	0.582346839956912	0.0469258302327354	0.101560485449196	0	0	0.0209740615542211	0	0	0	9999	0.365482590029117	0.977170990428951
TCGA_E2_A158	0.0713987212319308	0	0.0559826702830664	0.115270020792247	0	0.0998824551963739	0	0.151514843641875	0	0	0.0113378926836801	0.00958585700404926	0.0156637786183303	0.0990557592203024	0.160550703050817	0.105762391177183	0.0763920232496937	0	0.0276028838504514	0	0	0	9999	0.123805116360734	1.0422327721031
TCGA_AR_A0U4	0	0	0	0.0062835368697308	0	0.0945575252274609	0.00812715952217197	0.00773354519152651	0.00092708376818685	0	0.012472005743084	0	0.0196497708787699	0.543516722664347	0.190910015693497	0.0791557333176313	0.0199706977795414	0	0	0.0133039778022244	0	0.00339222554182861	9999	0.658403201933294	0.753069906174025
TCGA_A2_A0CM	0.0149833589966923	0	0.0447769097843147	0.145446633241658	0	0.112430849056863	0.0683617891620854	0.0758278895375284	0.0394421865711231	0	0	0.021541420293442	0.00306365936094625	0.219376059606424	0.136814681146995	0.0865750360614375	0	0	0.0312098753019906	0	0	0.000149651878499107	9999	0.287851288018304	0.973727499617272
TCGA_AO_A0JL	0.105728076977399	0	0.0622885878967532	0.0995261338291573	0	0.092835591316111	0	0.0653637340619776	0.0236379126698218	0	0	0.0318335550502441	0	0.28816647611892	0.0537053873389896	0.137552458684697	0	0	0.0393620860559296	0	0	0	9999	0.188552651747477	1.01622334023746
TCGA_A2_A3XT	0.00444663236207617	0	0	0.0221661828207437	0	0.0685663267491588	0	0.0428569232715604	0.0545374474870938	0.0171234255554652	0	0.0302923339305821	0	0.523234317820354	0.106903485843367	0.0914349724831493	0	0	0.031613327542485	0	0.00682462413396505	0	9999	0.414711173334368	0.933277756209781
TCGA_A2_A1G6	0.0934619526115589	0	0.0918688074228211	0.150198954074383	0	0.0820617959525738	0	0.0157033992801026	0.0328480211840967	0.00561308986811357	0	0.0111910560063957	0.0138828696232888	0	0.0131872358422372	0.202947470988722	0.177551225786381	0	0.106252451693822	0	0	0.00323166966550303	9999	0.191881664903537	0.997420024891294
TCGA_BH_A42U	0.0167351199447651	0.0336019388882464	0.0835628187095558	0.122060644767737	0	0.0542504975003706	0	0.0691320112625715	0.065371606603718	0.0545813056517129	0	0.0355987346800751	0	0.2383408347637	0.0805536140917799	0.114705045219675	0.00548482645033996	0	0.0260210014657518	0	0	0	9999	0.333253034216531	0.948640117689298
TCGA_BH_A18V	0.00449190820337855	0	0.00703400412499082	0.000985302152422122	0	0.107346965459904	0.00311460199841306	0.0559669898059748	0.0330039836890676	0	0	0.0282469932625124	0	0.442124755552993	0.108381198955365	0.161525154803611	0	0	0.0477781419913681	0	0	0	9999	0.580524977573617	0.813602574220342
TCGA_EW_A1PB	0.00872743843424627	0	0	0.132548303633705	0	0.00772054733087555	0.00435807903117782	0.0670458551855837	0.0123750998444076	0.0211550343428616	0	0.0494663657459296	0	0.0834298124160638	0.328037898056319	0.214019422286884	0.00409560030103183	0	0.0670205433909136	0	0	0	9999	0.452287540317828	0.914847548172146
TCGA_A8_A07O	0	0	0	0.0670750258852579	0	0.0346953161096195	0.00189194975535696	0.0168924002775689	0.053913507959545	0	0	0.00543862605928634	0	0.653001969138005	0.0340339540348146	0.106705537798083	0	0	0	0.0263517129824631	0	0	9999	0.299244479110066	1.04400230273565
TCGA_AO_A12F	0	0.000271350121066331	0.0441587240154901	0.0169261913491066	0	0.262499770221275	0	0.00756871435247249	0.00216719347842317	0	0.00439304314723496	0.00916019892850173	0.0213751375064738	0.184351993275045	0	0.273714915043239	0.00998487375982913	0.0386567052069945	0.109703766972374	0	0	0.015067422622474	9999	0.0967047066099832	1.05505517821361
TCGA_A7_A6VY	0.00681701080490622	0	0.0960773782121623	0.00840102432591109	0	0.131064853298591	0.0347222390770599	0.0781969169849883	0.0131823743966654	0.00899380242878499	0.00208141808476232	0.00295563009664176	0	0.314987728920527	0.115915364347866	0.168855215692007	0.0121903959840026	0	0.00555864734512398	0	0	0	9999	0.465643299686824	0.885002971380088
TCGA_AN_A0G0	0.0193452459357236	0	0.0620436434959837	0.0370278959917784	0	0.101683487588726	0.045469591412509	0.0479564747188534	0.0133952629515988	0	0.0491918033676287	0	0	0.367518911761924	0.0791106492953742	0.161919975166875	0	0	0.0153370583130258	0	0	0	9999	0.0969976183093592	1.07783593935601
TCGA_D8_A1JF	0.0278148675995844	0	0.184614676506486	0.0556171258904507	0	0.11788442556023	0.0100264110771622	0.0169495806228915	0.00458567260335883	0.0701033712305383	0	0	0	0.168046798510681	0.0798731405936704	0.193574883279125	0.00924169929025442	0	0.061667347235568	0	0	0	9999	0.230830995254613	0.987060572045003
TCGA_E2_A1LL	0	0	0.0737279587421651	0.00835414545045505	0	0.0837140248570823	0.00223578358524077	0.0553351326162978	0.0092551347033837	0	0	0.0186986438484902	0.0120826468018168	0.239582334412686	0.116210177045465	0.191662561850973	0.126084399203788	0	0.063057056882155	0	0	0	9999	0.109395615097033	1.0601772026933
TCGA_A8_A08R	0.0121324614978165	0	0.0896141519673783	0	0	0.131739622792917	0.0427405819881854	0.0244470381016113	0.018126921190881	0.0219214450731186	0.0274636987788125	0	0	0.312991310384051	0.141957803533062	0.133907836878423	0.00548376684579596	0	0.0374733609679477	0	0	0	9999	0.649838944857901	0.774431376322075
TCGA_D8_A143	0.0707421186504016	0	0.168059399364609	0.0416396393692299	0	0.191770510053512	0.0201979901042374	0.0405457067413735	0	0.00879234244803162	0	0.0163302885978035	0	0.170052336154613	0.0807533571403042	0.140259858711321	0.0262385394475048	0	0.0246179132170587	0	0	0	9999	0.232180012506077	0.985615342461713
TCGA_B6_A400	0.00924495253521214	0	0	0.0221775168203257	0	0.0735640193856113	0	0.0571782514582241	0.0516478338916306	0	0.00833368609234513	0	0	0.390549701280859	0.0508592065255195	0.0564773332299504	0.16968912363835	0.10889736612282	0.00138100901915245	0	0	0	9999	0.558584126430027	0.828826720370728
TCGA_D8_A147	0.0688229803079757	0	0.0100586094495702	0.0496084147201089	0	0.184830949038073	0.00692110953113326	0.0719302280854844	0.0236325307093014	0.0080362089196021	0	0.00149880513564131	0	0.30886189824309	0.0670192846706182	0.105350963884616	0.00634581243596468	0.057038782056345	0.0300434228124759	0	0	0	9999	0.377696545351317	0.930982171326556
TCGA_AQ_A04J	0.168722178102836	0	0.0678339716063132	0.113128943867572	0	0.185240720519355	0.0539851651058135	0.00527953562488081	0.0189939735710667	0	0.0167685987550835	0	0.00636749102907119	0.114774208120677	0.0809891522482382	0.0841904160320322	0.0318403963143157	0.0292645708971287	0.0226206782056162	0	0	0	9999	0.395252611515715	0.917859579912126
TCGA_AC_A7VC	0.0175458406325284	0	0.0141710356395705	0	0	0.0794499859727718	0.0221564584486886	0.0271285420766169	0.0402786972472853	0.0102859048474098	0.0275656122722248	0	0.0189026263686126	0.502340644520546	0.018910042243154	0.1481649594036	0.0722796135559542	0	0.000599507843560754	0.000220528927476257	0	0	9999	0.724966713700829	0.697147466737157
TCGA_D8_A27F	0.0184376579587643	0	0.00929902530853377	0.0057636275939631	0	0.121198765329079	0	0	0	0	0	0.012340003763294	0.00316513221349217	0.62385445464641	0.0394374437695458	0.12601993584623	0	0	0.0404839535706872	0	0	0	9999	0.495668177435652	0.892515156453744
TCGA_AO_A0J6	0	0	0.00579085970393849	0.245895738399847	0	0	0.0153123721528587	0.0639841484299189	0.0299137903342074	0.0118432264830755	0.071054093143146	0.0274274654293718	0	0.110533368901396	0.144962526063419	0.0817757492428566	0	0.16348764994126	0.0280190117747045	0	0	0	9999	0.490254591836288	0.873476962618641
TCGA_AR_A0TU	0	0	0.00570172603715577	0.15805946563538	0	0	0.151719176677818	0.0459658164094409	0.0156810326430151	0.0101747606338361	0	0.0259821828430471	0.000244317589320501	0.166998008990537	0.0835679529220955	0.130711219602868	0.0353101048508337	0.135467791725735	0.0344164434389163	0	0	0	9999	0.355870469640636	0.939972207038782
TCGA_EW_A1P4	0.0179282195030991	0	0.0278811412674038	0.187280605946316	0	0.0331493576126278	0.0807748441522742	0.0479606494159774	0.0441321960901053	0	0	0.143770430911775	0	0.0745590373677568	0.0986007574841465	0.058974406437339	0.128890203578282	0.00110446740270646	0.0155841951002664	0.0145031747814542	0	0.0249063129484698	9999	0.378470730363178	0.931036028003547
TCGA_B6_A402	0.0254305737132806	0	0.0258832531240715	0.0367538982675688	0	0.023833408549544	0	0.0163059633441886	0.0297986153208941	0	0	0.0122477417716533	0	0.647689914224466	0.0808225502541553	0.0975100963705277	0	0	0.00372398505965053	0	0	0	9999	0.352269540855303	1.00466703771222
TCGA_BH_A0B9	0.0300441971648036	0	0.0177061843286559	0.22520200370419	0	0	0.0570272191625877	0.0742231049980238	0.0882943064940564	0.0250780288746124	0	0.00576902939720616	0	0.145622435532021	0.122053441561653	0.0806782835342102	0.0907153450761456	0	0.0375864201718348	0	0	0	9999	0.46685492775011	0.883670110843408
TCGA_A2_A0T2	0.0323118633136965	0	0	0.118865875141205	0	0.0890659291250915	0.0317606715016012	0.122783797373486	0.0209179717016273	0.00248636981152613	0	0.0354459792614768	0	0.214528019621945	0.114670677985396	0.201605620038622	0	0	0.0136511608442961	0	0.00124384698587277	0.000662217294156627	9999	0.169448928153648	1.03276644972478
TCGA_EW_A1PH	0.0717473531839608	0	0.071368948490551	0.18138429368118	0	0.0617755462325108	0.0617819097324247	0.0541057445811232	0	0	0	0	0	0.204967004668307	0.114701469545291	0.0710922678176378	0.0521624884663101	0.0272966790073233	0.0276162945933803	0	0	0	9999	0.167594092508004	1.02060829447111
TCGA_AO_A03U	0	0	0.00311592004124102	0.0393621157428712	0	0.154106629425259	0	0	0	0	0.128592634568748	0.0607132066335263	0.138859871676674	0.0106523709851521	0.0417630683299425	0.237041919935526	0.0633269010634359	0	0.122465361597624	0	0	0	9999	0.20367982863409	1.00810942391506
TCGA_LL_A5YO	0.080205155046704	0	0.0953667654126447	0.153341744172417	0	0.0829548486023019	0.0459091127397899	0.061189214042676	0.0861634505838587	0	0	0.00995603678645813	0	0.166766815275359	0.0831571703877625	0.0620733316220757	0.0241359829661928	0	0.0487803723617593	0	0	0	9999	0.25336503802012	0.978399731137627
TCGA_AN_A0AR	0.00522104368383443	0	0	0.0377467876461113	0	0.223102110361505	0	0.0189046162452056	0.0382322696733864	0	0	0.0366843732899051	0.0071736480441936	0.194470043869741	0.0596636425836772	0.127444540516518	0.218673124295121	0	0.0326837997908017	0	0	0	9999	0.107096050843945	1.05408784046274
TCGA_AR_A5QQ	0.0466362478398394	0	0.0581888178915233	0.12209004882687	0	0.0631167055355734	0.127935177885686	0.0175753917134156	0.0453626912616887	0.00518040857177063	0.0185687033761127	0	0	0.188596508393257	0.0960275077703762	0.166982819160411	0.0353215068514097	0	0	0.00152666939307645	0	0.00689079552898964	9999	0.438734467800784	0.897946218737026
TCGA_B6_A3ZX	0.134302356862184	0.0600825484309431	0.102852920648326	0.150059949244362	0.0199057292765344	0.01156759110187	0.0225330946608752	0.147596668845052	0.0990235740529372	0.064592314123612	0	0	0	0.0830777387837753	0.0413844049834886	0.0421191088303724	0	0.0030560136434118	0.0178459865122558	0	0	0	9999	0.599706458219142	0.8173708685947
TCGA_E2_A1LH	0	0	0.0410788108904457	0.0509719101089872	0	0.127026121242471	0.0192988873698093	0.0460211519599242	0.0179299963560459	0.0789547118611964	0	0.0693724775392305	0	0.206424170758597	0.156539935988617	0.104902068141345	0.0114460508965624	0	0.0690845940224118	0	0	0.00094911286435617	9999	0.431068451714646	0.903546210219551
TCGA_AO_A129	0.0308463333231193	0	0.119399033344979	0.136034076306692	0	0.16118658864242	0.0293606499930822	0.0575323278986104	0.041953918768335	0.00748562765102355	0	0.015870123441228	0	0.153864796959005	0.148807683606093	0.0976588400654125	0	0	0	0	0	0	9999	0.468692429915138	0.882574633968368
TCGA_GM_A2DF	0.0178927172049612	0.0039808519749814	0.195836568738432	0.0647118271635938	0	0.078319406263574	0.00297722358852627	0.0740707717877088	0.0584541674428516	0	0	0.0260945754151549	0	0.28789597218441	0.0894236165509355	0.0992814358019208	0.00106086588295037	0	0	0	0	0	9999	0.507014733645555	0.863762045340193
TCGA_AO_A1KR	0.039532429152299	0	0.123074893273066	0.251470834646316	0	0.00747369413859732	0	0.104226200603606	0.0988705744402253	0	0.0126231802101694	0.0473958735396797	0.0139100144001893	0.025393677551298	0.146279604821523	0.0675956211356038	0	0.0294280104533975	0.0327253916340295	0	0	0	9999	0.101464323602278	1.0635762016509
TCGA_BH_A0WA	0.0196183598109746	0	0	0	0	0.174825591762689	0	0.086588091546059	0.0127635446864007	0.0236326536731961	0	0.00952902753930802	0	0.39512099049109	0.129661312753284	0.147245779738765	0	0	0.0010146479982337	0	0	0	9999	0.531825076076699	0.846811764289009
TCGA_A7_A0DA	0	0.0066930232970631	0	0	0	0.137257998578942	0	0.0347268544181413	0.0472289846758914	0	0	0.0289759905284844	0	0.450165434392978	0.086098479559404	0.203225399594554	0	0	0.00562783495454158	0	0	0	9999	0.342185689351459	0.974879671015722
TCGA_E2_A14X	0.0765744584597618	0	0.247770421877602	0.103115246542675	0	0.119551635172922	0.015411546752462	0.106667496267678	0	0.0581595427074597	0	0.00960663718880137	0	0.0844807874561504	0.0779714642391464	0.0715015477291211	0.0132797341644572	0	0.0159094814417622	0	0	0	9999	0.209934003785693	0.993144674018975
TCGA_S3_AA10	0.0127680525135651	0.00713867125550446	0.0858168986058348	0.133473934806241	0	0.0803407019539163	0.0397412846574829	0.0749390893948313	0.0820895320734115	0	0	0.0586212184263086	0	0.186711421001325	0.146833046509431	0.0595653780832873	0	0.00319078288122076	0.0287699878376395	0	0	0	9999	0.380397769346908	0.928055495550554
TCGA_BH_A1F6	0.0535407102878829	0	0.0928539087515964	0.121306374128598	0	0.0610402265065798	0.0536717347285911	0.0464271485690371	0.0167476229149132	0	0.00605314554884805	0.00290628806705639	0.00448104401000579	0.240637411430787	0.0829441177102089	0.190487090164682	0	0	0.0145005216125126	0	0	0.012402655568701	9999	0.377617198842357	0.927608716972722
TCGA_GM_A2DB	0.0613570056353834	0	0	0.0234473094764625	0	0.0963573883808481	0.00730005886972288	0.0268640077290431	0.0178977228104522	0.0152120835749589	0	0.0436111863914782	0	0.345105918388708	0.189174565360326	0.111505448949916	0.00745441815282175	0	0.0547128862798782	0	0	0	9999	0.541533555015782	0.840155216265573
TCGA_GI_A2C9	0.0109454352107691	0	0	0.0368051143429439	0	0.102664723728176	0	0.0335927472249419	0.0155368696959809	0	0	0.0207507320157902	0	0.208734078497678	0.0481398789604521	0.26031584523549	0.123771500597276	0.0627556543271728	0.0727528114422869	0	0	0.00323460872104318	9999	0.334092328833844	0.953641605570286
TCGA_AR_A256	0.042868400136122	0	0	0.0189516451951858	0	0.146931214539025	0	0.0578965334155924	0.0221064215337426	0	0.0194801196476654	0	0	0.306259273032734	0.0577495883252864	0.109310805568473	0.0818617610862426	0.120458753779509	0	0.0161254837404219	0	0	9999	0.427822899556894	0.90654593370778
TCGA_AN_A0AL	0.136403496469713	0	0.134342607480361	0	0	0.179718575227573	0.00822789002159763	0.0166346335326352	0.0265762678440339	0	0.0245481602104114	0	0.0116475674530237	0.248150581250155	0.0943055958334621	0.0952228812126553	0	0.0238890093883256	0.000332734076053752	0	0	0	9999	0.450471852029788	0.892385558002477
TCGA_GM_A2DH	0.0348471432125817	0	0	0.0874746775092502	0	0.321446431116308	0.0178907984901057	0.111903002347871	0.0554035608889505	0.0330430459450547	0	0.0111691935809757	0	0.137361783201538	0.111288284073762	0.0517906964171513	0.0213059790751611	0.00166725066577363	0.00340815347551725	0	0	0	9999	0.442886794303061	0.897518780769178
TCGA_EW_A1P8	0.00462927144718382	0	0	0.022538457502052	0	0.120955943045571	0	0.0476342712409587	0.0523256699403836	0	0	0.0106066058220497	0.00858863790379017	0.179906043120329	0.0599830623078009	0.311356167799344	0.138586882700073	0	0	0.0428889871704634	0	0	9999	0.392480520637346	0.924715275067589
TCGA_E2_A1LS	0.0972084488215972	0	0	0.104098313591998	0	0.185329593495283	0	0.104402828483894	0	0	0.00707866518544438	0	0.0734489732086064	0	0.155680431200831	0.182181854635895	0	0.0905708913764499	0	0	0	0	9999	0.0219983058315303	1.10246894062689
TCGA_A2_A0D0	0.057429095281808	0	0	0.168659220732773	0	0.0208132687736226	0.030945466553306	0.065547896478434	0.0506038608051136	0.0455599254287429	0	0.0478306085348643	0	0.256878936741837	0.0920502693029022	0.110671049568269	0.0508767266896685	0	0.00109559965609111	0	0	0.00103807545256775	9999	0.249887962285944	0.995443476068568
TCGA_C8_A1HJ	0.094800129389066	0	0.0385523152904369	0.113682426609607	0	0.103655759346591	0.0353437114853674	0.0544639279067927	0	0.0377656276460058	0.0243599773095028	0	0	0.134321706798918	0.208283799871373	0.0836996067073989	0	0.0433320184229514	0.0277389932159886	0	0	0	9999	0.287810994153666	0.983374581004706
TCGA_A2_A04U	0.0815831834893988	0	0.0934450503160788	0.0661507540073878	0	0.0309527995224863	0.00753615359971249	0.0382391548504539	0.0261876495743655	0	0	0.010497119729695	0	0.409278805168439	0.0403626796054711	0.157050693407655	0	0.00804510449950947	0.0306708522293467	0	0	0	9999	0.272667623847117	0.994200583028163
TCGA_HN_A2NL	0.0295586668817423	0	0.0908109888488525	0.156025515388194	0	0.0635533906689307	0	0.0491260897344752	0.0515102332623989	0.0139271744470953	0	0.0650283992321234	0	0.2061507785551	0.112135505452496	0.140627494059683	0	0	0.0215457634689093	0	0	0	9999	0.459750644248208	0.887175537501709
TCGA_A2_A0D2	0.0471848759358932	0	0.0130839322528554	0.0847863057868608	0	0.125671938160513	0.0867993928247005	0	0.0106725584287301	0.0496725207624458	0	0	0	0.317916199365133	0.137904930218215	0.11092400326096	0.00841306844794655	0	0.00697027455574691	0	0	0	9999	0.528596500908259	0.848209218381388
TCGA_A7_A4SE	0.0145556223639647	0	0.0128799190064609	0	0	0.10696016117268	0	0.0565029531398577	0.036032784657339	0	0.0110197187442638	0	0	0.457994666602626	0.1688988701611	0.0909031907736282	0.00956388210375661	0	0.0346882312743227	0	0	0	9999	0.557062113500972	0.831342144331939
TCGA_AN_A0XU	0.0579591842201802	0	0.106264305858839	0.0985770352968622	0	0.00839612327905205	0.061480236558558	0.0483159062288637	0	0.00423394634912407	0.020511457040945	0.0253255150677847	0	0.276142268716677	0.113478300192362	0.122393137660473	0.0282709054746619	0	0.0286516780556178	0	0	0	9999	0.447366605204865	0.893664885891302
TCGA_C8_A26X	0	0	0.211600675406579	0.109128776965851	0	0.0131230854139012	0.0354750575451525	0.0280584496167133	0.0161819465487207	0.00676637528051467	0.0394971193886911	0	0	0.256001210195909	0.110138933629222	0.131403651069994	0.00930424390575949	0	0.0333204750329931	0	0	0	9999	0.526226634183073	0.854179789763102
TCGA_AO_A0J4	0.118058202789501	0	0.0697798125744923	0.0966958497999627	0	0.138722754364999	0.0114061676522196	0.0502569947453731	0.0705867136137516	0	0	0.00768250355520113	0	0.199867100721238	0.142400576688042	0.0769846330828994	0	0	0.0175586904123207	0	0	0	9999	0.418066803025087	0.908269440531576
